id,bedrooms,bathrooms,sqft_living,sqft_lot,floors,waterfront,view,condition,grade,sqft_above,sqft_basement,yr_built,yr_renovated,zipcode,lat,long,sqft_living15,sqft_lot15,price
7129300520,3,1,1180,5650,1,0,0,3,7,1180,0,1955,0,98178,47.5112,-122.257,1340,5650,221900
6414100192,3,2.25,2570,7242,2,0,0,3,7,2170,400,1951,1991,98125,47.721,-122.319,1690,7639,538000
5631500400,2,1,770,10000,1,0,0,3,6,770,0,1933,0,98028,47.7379,-122.233,2720,8062,180000
2487200875,4,3,1960,5000,1,0,0,5,7,1050,910,1965,0,98136,47.5208,-122.393,1360,5000,604000
1954400510,3,2,1680,8080,1,0,0,3,8,1680,0,1987,0,98074,47.6168,-122.045,1800,7503,510000
1321400060,3,2.25,1715,6819,2,0,0,3,7,1715,0,1995,0,98003,47.3097,-122.327,2238,6819,257500
2008000270,3,1.5,1060,9711,1,0,0,3,7,1060,0,1963,0,98198,47.4095,-122.315,1650,9711,291850
2414600126,3,1,1780,7470,1,0,0,3,7,1050,730,1960,0,98146,47.5123,-122.337,1780,8113,229500
3793500160,3,2.5,1890,6560,2,0,0,3,7,1890,0,2003,0,98038,47.3684,-122.031,2390,7570,323000
1736800520,3,2.5,3560,9796,1,0,0,3,8,1860,1700,1965,0,98007,47.6007,-122.145,2210,8925,662500
9212900260,2,1,1160,6000,1,0,0,4,7,860,300,1942,0,98115,47.69,-122.292,1330,6000,468000
0114101516,3,1,1430,19901,1.5,0,0,4,7,1430,0,1927,0,98028,47.7558,-122.229,1780,12697,310000
6054650070,3,1.75,1370,9680,1,0,0,4,7,1370,0,1977,0,98074,47.6127,-122.045,1370,10208,400000
1175000570,5,2,1810,4850,1.5,0,0,3,7,1810,0,1900,0,98107,47.67,-122.394,1360,4850,530000
9297300055,4,3,2950,5000,2,0,3,3,9,1980,970,1979,0,98126,47.5714,-122.375,2140,4000,650000
1875500060,3,2,1890,14040,2,0,0,3,7,1890,0,1994,0,98019,47.7277,-121.962,1890,14018,395000
6865200140,4,1,1600,4300,1.5,0,0,4,7,1600,0,1916,0,98103,47.6648,-122.343,1610,4300,485000
0016000397,2,1,1200,9850,1,0,0,4,7,1200,0,1921,0,98002,47.3089,-122.21,1060,5095,189000
7983200060,3,1,1250,9774,1,0,0,4,7,1250,0,1969,0,98003,47.3343,-122.306,1280,8850,230000
6300500875,4,1.75,1620,4980,1,0,0,4,7,860,760,1947,0,98133,47.7025,-122.341,1400,4980,385000
7137970340,5,2.5,2270,6300,2,0,0,3,8,2270,0,1995,0,98092,47.3266,-122.169,2240,7005,285000
8091400200,2,1.5,1070,9643,1,0,0,3,7,1070,0,1985,0,98030,47.3533,-122.166,1220,8386,252700
3814700200,3,2.25,2450,6500,2,0,0,4,8,2450,0,1985,0,98030,47.3739,-122.172,2200,6865,329000
1202000200,3,2,1710,4697,1.5,0,0,5,6,1710,0,1941,0,98002,47.3048,-122.218,1030,4705,233000
1794500383,3,1.75,2450,2691,2,0,0,3,8,1750,700,1915,0,98119,47.6386,-122.36,1760,3573,937000
3303700376,3,1,1400,1581,1.5,0,0,5,8,1400,0,1909,0,98112,47.6221,-122.314,1860,3861,667000
5101402488,3,1.75,1520,6380,1,0,0,3,7,790,730,1948,0,98115,47.695,-122.304,1520,6235,438000
1873100390,4,2.5,2570,7173,2,0,0,3,8,2570,0,2005,0,98052,47.7073,-122.11,2630,6026,719000
8562750320,3,2.5,2320,3980,2,0,0,3,8,2320,0,2003,0,98027,47.5391,-122.07,2580,3980,580500
2426039314,2,1.5,1190,1265,3,0,0,3,7,1190,0,2005,0,98133,47.7274,-122.357,1390,1756,280000
0461000390,4,1.75,2330,5000,1.5,0,0,4,7,1510,820,1929,0,98117,47.6823,-122.368,1460,5000,687500
7589200193,3,1,1090,3000,1.5,0,0,4,8,1090,0,1929,0,98117,47.6889,-122.375,1570,5080,535000
7955080270,4,2.75,2060,6659,1,0,0,3,7,1280,780,1981,0,98058,47.4276,-122.157,2020,8720,322500
9547205180,3,2.5,2300,3060,1.5,0,0,3,8,1510,790,1930,2002,98115,47.6827,-122.31,1590,3264,696000
9435300030,4,1,1660,34848,1,0,0,1,5,930,730,1933,0,98052,47.6621,-122.132,2160,11467,550000
2768000400,4,2,2360,6000,2,0,0,4,8,2360,0,1904,0,98107,47.6702,-122.362,1730,4700,640000
7895500070,4,1,1220,8075,1,0,0,2,7,890,330,1969,0,98001,47.3341,-122.282,1290,7800,240000
2078500320,4,2.5,2620,7553,2,0,0,3,8,2620,0,1996,0,98056,47.5301,-122.18,2620,11884,605000
5547700270,4,2.5,2570,5520,2,0,0,3,9,2570,0,2000,0,98074,47.6145,-122.027,2470,5669,625000
7766200013,4,2.25,4220,24186,1,0,0,3,8,2600,1620,1984,0,98166,47.445,-122.347,2410,30617,775000
7203220400,5,2.75,3595,5639,2,0,0,3,9,3595,0,2014,0,98053,47.6848,-122.016,3625,5639,861990
9270200160,3,1,1570,2280,2,0,0,3,7,1570,0,1922,0,98119,47.6413,-122.364,1580,2640,685000
1432701230,3,1,1280,9656,1,0,0,4,6,920,360,1959,0,98058,47.4485,-122.175,1340,8808,309000
8035350320,3,2.5,3160,13603,2,0,0,3,8,3160,0,2003,0,98019,47.7443,-121.977,3050,9232,488000
8945200830,3,1,990,8528,1,0,0,3,6,990,0,1966,0,98023,47.3066,-122.371,1228,8840,210490
4178300310,4,2.5,2290,13416,2,0,0,4,9,2290,0,1981,0,98007,47.6194,-122.151,2680,13685,785000
9215400105,3,1.75,1250,5963,1,0,0,4,7,1250,0,1953,0,98115,47.6796,-122.301,970,5100,450000
5245600105,3,1,1190,9199,1,0,0,3,7,1190,0,1955,0,98148,47.4258,-122.322,1190,9364,228000
7231300125,5,2.5,3150,9134,1,0,0,4,8,1640,1510,1966,0,98056,47.4934,-122.189,1990,9133,345000
7518505990,3,1.75,1410,4080,1,0,0,4,7,1000,410,1950,0,98117,47.6808,-122.384,1410,4080,600000
3626039271,2,1.75,1980,8550,1,0,0,3,7,990,990,1981,0,98117,47.6989,-122.369,1480,6738,585000
4217401195,5,2.25,2730,6000,1.5,0,0,3,8,2130,600,1927,0,98105,47.6571,-122.281,2730,6000,920000
9822700295,4,2.5,2830,5000,2,0,0,3,9,2830,0,1995,0,98105,47.6597,-122.29,1950,5000,885000
9478500640,4,2.5,2250,4495,2,0,0,3,7,2250,0,2008,0,98042,47.3663,-122.114,2250,4500,292500
2799800710,3,2.5,2420,4750,2,0,0,3,8,2420,0,2003,0,98042,47.3663,-122.122,2690,4750,301000
7922800400,5,3.25,3250,14342,2,0,4,4,8,3250,0,1968,0,98008,47.588,-122.116,2960,11044,951000
8079040320,4,3,1850,9976,2,0,0,3,8,1850,0,1991,0,98059,47.5059,-122.149,2270,8542,430000
1516000055,3,2.25,2150,21235,1,0,3,4,8,1590,560,1959,0,98166,47.4336,-122.339,2570,18900,650000
9558200045,3,1.75,1260,8400,1,0,0,3,7,1260,0,1954,0,98148,47.4366,-122.335,1290,8750,289000
5072410070,3,1.75,2519,8690,2,0,0,5,8,2519,0,1973,0,98166,47.4428,-122.344,2500,9500,505000
9528102996,3,1.75,1540,1044,3,0,0,3,8,1540,0,2014,0,98115,47.6765,-122.32,1580,3090,549000
1189001180,3,2.25,1660,6000,1,0,0,3,7,1110,550,1979,0,98122,47.6113,-122.297,1440,4080,425000
3253500160,3,2.75,2770,3809,1.5,0,0,5,7,1770,1000,1925,0,98144,47.5747,-122.304,1440,4000,317625
3394100030,4,2.5,2720,11049,2,0,0,3,10,2720,0,1989,0,98004,47.5815,-122.192,2750,11049,975000
3717000160,4,2.5,2240,4648,2,0,0,3,7,2240,0,2005,0,98001,47.3378,-122.257,2221,4557,287000
1274500060,3,1,1000,12070,1,0,0,4,7,1000,0,1968,0,98042,47.3621,-122.11,1010,12635,204000
1049000060,3,2,1260,5612,1,0,0,4,7,1260,0,1972,0,98034,47.7362,-122.179,1640,4745,325000
8820901275,4,2,2750,7807,1.5,0,0,5,7,2250,500,1916,0,98125,47.7168,-122.287,1510,7807,571000
5416510140,4,2.5,2380,5000,2,0,0,3,8,2380,0,2005,0,98038,47.3608,-122.036,2420,5000,360000
3444100400,3,1.75,1790,50529,1,0,0,5,7,1090,700,1965,0,98042,47.3511,-122.073,1940,50529,349000
3276920270,4,4,3430,35102,2,0,0,4,10,2390,1040,1986,0,98075,47.5822,-121.987,3240,35020,832500
4036801170,4,1.75,1760,7300,1,0,0,3,7,880,880,1956,0,98008,47.6034,-122.125,1680,7500,380000
2391600320,3,1,1040,5060,1,0,0,3,7,1040,0,1941,0,98116,47.5636,-122.394,890,5060,480000
6300000287,3,1,1410,5060,1,0,0,4,7,910,500,1956,0,98133,47.7073,-122.34,1130,5693,410000
1531000030,4,2.5,3450,39683,2,0,0,3,10,3450,0,2002,0,98010,47.342,-122.025,3350,39750,720000
5104520400,3,2.5,2350,5100,2,0,0,3,8,2350,0,2003,0,98038,47.3512,-122.008,2350,5363,390000
7437100340,4,2.5,1900,5889,2,0,0,3,7,1900,0,1992,0,98038,47.349,-122.031,1870,6405,360000
9418400240,2,1,2020,6720,1,0,0,3,7,1010,1010,1948,0,98118,47.5474,-122.291,1720,6720,355000
1523059105,3,1.5,1680,8712,1,0,0,3,8,1680,0,1964,0,98059,47.4811,-122.149,1850,8797,356000
1133000671,3,1,960,6634,1,0,0,3,6,960,0,1952,0,98125,47.7264,-122.31,1570,7203,315000
4232902595,3,1.5,2140,3600,2,0,0,3,9,1900,240,1925,0,98119,47.6337,-122.365,2020,4800,940000
2599001200,5,2.25,2660,8400,1.5,0,0,5,7,2660,0,1961,0,98092,47.2909,-122.189,1590,8165,305000
3342103156,3,3.25,2770,6278,2,0,0,3,9,1980,790,2006,0,98056,47.5228,-122.199,1900,7349,461000
1332700270,2,2.25,1610,2040,2,0,0,4,7,1610,0,1979,0,98056,47.518,-122.194,1950,2025,215000
3869900162,2,1.75,1030,1066,2,0,0,3,7,765,265,2006,0,98136,47.5394,-122.387,1030,1106,335000
2791500270,4,2.5,1980,7403,2,0,0,3,7,1980,0,1988,0,98023,47.2897,-122.372,1980,7510,243500
4168000060,3,1,1200,10500,1,0,0,3,7,1200,0,1962,0,98023,47.322,-122.351,1350,10500,153000
6021501535,3,1.5,1580,5000,1,0,0,3,8,1290,290,1939,0,98117,47.687,-122.386,1570,4500,430000
6021501535,3,1.5,1580,5000,1,0,0,3,8,1290,290,1939,0,98117,47.687,-122.386,1570,4500,700000
1483300570,4,2.5,3300,10250,1,0,0,3,7,2390,910,1946,1991,98040,47.5873,-122.249,1950,6045,905000
3422049190,3,1.75,1960,15681,1,0,0,3,7,1960,0,1967,0,98032,47.3576,-122.277,1750,15616,247500
1099611230,4,1.5,1160,6400,1,0,0,4,7,1160,0,1975,0,98023,47.3036,-122.378,1160,6400,199000
0722079104,3,1.75,1810,41800,1,0,0,5,7,1210,600,1980,0,98038,47.4109,-121.958,1650,135036,314000
7338200240,3,2.5,2320,36847,2,0,2,3,9,2320,0,1992,0,98045,47.4838,-121.714,2550,35065,437500
1952200240,3,2.5,2070,13241,1.5,0,0,5,9,1270,800,1910,0,98102,47.6415,-122.315,2200,4500,850830
5200100125,3,2,1980,3478,1.5,0,0,4,7,1440,540,1929,0,98117,47.6775,-122.372,1610,3478,555000
7214720075,3,2.25,2190,107593,2,0,0,4,8,2190,0,1983,0,98077,47.7731,-122.08,2570,47777,699950
6197800045,3,1,1210,33919,1,0,0,3,7,1210,0,1954,0,98058,47.4375,-122.184,1640,14910,290000
1328310370,3,2.5,2340,10005,1,0,0,4,8,1460,880,1978,0,98058,47.4431,-122.133,2250,8162,375000
0546000875,3,1,1670,4005,1.5,0,0,4,7,1170,500,1939,0,98117,47.6878,-122.38,1240,4005,460000
3530510041,2,1.75,1240,2493,1,0,0,4,8,1240,0,1985,0,98198,47.3813,-122.322,1270,4966,188500
1853000400,4,2.5,3140,28037,2,0,0,4,10,3140,0,1991,0,98077,47.7304,-122.082,2990,35001,680000
3134100116,5,1.75,2030,12342,2,0,0,4,7,2030,0,1942,0,98052,47.6417,-122.109,2500,9433,470000
9545230140,4,2.5,2310,9624,2,0,0,3,8,2310,0,1984,0,98027,47.5386,-122.053,1940,9636,597750
3362400511,3,1.75,1260,3328,1,0,0,5,6,700,560,1905,0,98103,47.6823,-122.349,1380,3536,570000
2525310310,3,1.75,1540,12600,1,0,0,4,7,1160,380,1980,0,98038,47.3624,-122.031,1540,11656,272500
6126500060,3,1.75,2080,5969,1,0,2,3,7,1080,1000,1971,0,98108,47.5474,-122.295,2090,5500,329950
8961960160,4,2.5,3230,16171,2,0,3,3,9,2520,710,2001,0,98001,47.3183,-122.253,2640,8517,480000
3626039325,3,3.5,4380,6350,2,0,0,3,8,2780,1600,1900,1999,98117,47.6981,-122.368,1830,6350,740500
3362400431,3,3.5,1590,1102,3,0,0,3,8,1590,0,2010,0,98103,47.6824,-122.347,1620,3166,518500
4060000240,2,1,880,6780,1,0,0,4,6,880,0,1945,0,98178,47.5009,-122.248,1190,6780,205425
3454800060,4,2,1570,9600,1,0,0,3,6,1570,0,1950,0,98168,47.4965,-122.303,1880,9000,171800
1695900060,4,1,1610,2982,1.5,0,0,4,7,1610,0,1925,0,98144,47.587,-122.294,1610,4040,535000
7278700070,3,2.5,2400,6474,1,0,2,3,8,1560,840,1964,0,98177,47.7728,-122.386,2340,10856,660000
6675500070,3,2,1450,9132,1,0,0,3,7,1450,0,1987,0,98034,47.7288,-122.226,1580,9104,391500
3626039187,2,1,770,6000,1,0,0,3,6,770,0,1953,0,98117,47.6999,-122.364,1710,6000,395000
3524049083,4,1.75,2100,4400,1.5,0,0,5,7,1720,380,1924,0,98118,47.5299,-122.266,1850,4400,445000
3275860240,3,2.25,2910,10204,2,0,0,3,9,2910,0,1990,0,98052,47.6897,-122.098,2700,13992,770000
4058801670,3,2.25,2100,8201,1,0,2,3,8,1620,480,1967,0,98178,47.5091,-122.244,2660,8712,445000
8732020310,4,2.25,2160,8811,1,0,0,3,8,1360,800,1978,0,98023,47.3129,-122.39,2090,8400,260000
2331300505,5,3.5,2320,4960,2,0,0,5,7,1720,600,1926,0,98103,47.6763,-122.352,1700,4960,822500
7853210060,4,2.5,2070,4310,2,0,0,3,7,2070,0,2004,0,98065,47.5319,-121.85,1970,3748,430000
3668000070,3,1.75,1060,7875,1,0,0,4,7,1060,0,1986,0,98092,47.2761,-122.152,1420,7680,212000
9545240070,4,2.25,2010,9603,1,0,0,3,8,1440,570,1986,0,98027,47.5343,-122.054,2060,9793,660500
1243100136,3,3.5,3950,111078,1.5,0,0,3,9,2460,1490,1989,0,98052,47.697,-122.072,2480,88500,784000
8929000270,3,2.5,2010,2287,2,0,0,3,8,1390,620,2014,0,98029,47.5517,-121.998,1690,1662,453246
2767602356,4,3.5,2140,2278,3,0,0,3,9,2140,0,2005,0,98107,47.6734,-122.38,1540,2285,675000
0921049315,3,1.75,1320,17390,1,0,0,4,7,1320,0,1956,0,98003,47.3257,-122.296,1550,19265,199000
3655000070,4,1.75,2020,7840,1,0,0,3,7,1010,1010,1968,0,98003,47.3309,-122.299,1750,8140,220000
4027700812,4,2.25,2590,10002,1,0,0,4,8,1340,1250,1968,0,98028,47.7689,-122.266,1550,10436,452000
3992700335,2,1,1190,4440,1,0,0,3,6,1190,0,1981,0,98125,47.7135,-122.287,1060,5715,382500
2767603505,3,2.25,1170,1249,3,0,0,3,8,1170,0,2014,0,98107,47.6722,-122.381,1350,1310,519950
4232901525,2,1,1110,3200,1,0,0,3,7,1110,0,1925,0,98119,47.6338,-122.358,1170,3600,665000
1777500060,5,2.5,2820,9375,1,0,0,4,8,1550,1270,1968,0,98006,47.5707,-122.128,2820,9375,527700
1432900240,3,1,1610,8579,1,0,0,4,7,1010,600,1962,0,98058,47.4563,-122.171,1610,8579,205000
6140100875,3,1,1060,8097,1,0,0,4,7,940,120,1923,0,98133,47.7144,-122.351,1560,7940,420000
6071600370,4,2.25,2030,8517,1,0,0,4,8,1380,650,1961,0,98006,47.5495,-122.174,2230,8824,500000
1526069017,4,2.5,3670,315374,2,0,0,4,9,3670,0,1994,0,98077,47.7421,-122.026,2840,87991,921500
0809001525,4,1,2550,4000,2,0,0,3,8,2370,180,1905,0,98109,47.6354,-122.353,2200,4000,890000
3224079105,2,2.5,2420,60984,2,0,0,3,7,2420,0,2007,0,98027,47.5262,-121.943,1940,193842,430000
8075400570,5,2,2260,12500,1,0,0,4,8,1130,1130,1960,0,98032,47.3887,-122.286,1360,18000,258000
1994200024,3,1,1430,3455,1,0,0,3,7,980,450,1947,0,98103,47.6873,-122.336,1450,4599,511000
3362900810,3,2,1360,3090,2,0,0,3,8,1360,0,1990,0,98103,47.6838,-122.353,1500,3090,532170
1324300398,3,1,1110,5000,1.5,0,0,3,7,1110,0,1947,0,98107,47.655,-122.359,1420,5000,560000
0537000445,3,1,1250,8200,1,0,0,4,7,1250,0,1954,0,98003,47.3255,-122.304,1680,8633,282950
7920100045,1,1,700,5100,1,0,0,3,7,700,0,1942,0,98115,47.679,-122.3,1010,5100,350000
8960000030,3,1,1180,7669,1,0,0,4,7,1180,0,1967,0,98058,47.4479,-122.176,1190,7669,215000
6388930390,5,3.5,3960,25245,2,0,0,3,9,2500,1460,1996,0,98056,47.525,-122.172,2640,13675,650000
8731900200,4,2.75,2640,7500,1,0,0,3,8,1620,1020,1967,0,98023,47.3135,-122.369,1980,7875,320000
8029200135,3,2,1270,7198,1.5,0,0,3,7,1270,0,1916,2013,98022,47.2086,-121.996,1160,7198,247000
1081200350,4,1.75,1760,11180,1,0,0,4,8,1760,0,1968,0,98059,47.4715,-122.118,1730,11180,320000
0084000105,5,2.25,2060,8632,1,0,0,3,7,1030,1030,1962,0,98146,47.4877,-122.335,1010,11680,255000
3756500060,3,1.75,1780,9660,1,0,0,3,7,1780,0,1962,0,98034,47.7171,-122.193,1200,9660,438000
7215720160,3,2.5,3400,16603,2,0,0,3,10,3400,0,2000,0,98075,47.6012,-122.023,3400,12601,900000
3574800520,3,2.75,1910,7280,1,0,0,3,7,1160,750,1979,0,98034,47.7319,-122.224,1710,8152,441000
2617300160,3,2,2020,38332,1,0,0,4,7,1010,1010,1975,0,98027,47.4582,-122.023,2110,36590,420000
2558660270,3,1.75,1580,7000,1,0,0,3,7,1180,400,1976,0,98034,47.7209,-122.168,1640,7500,370000
2009000370,2,1.75,1340,7250,1,0,0,5,5,700,640,1949,0,98198,47.408,-122.327,1830,9750,269950
1836980160,4,2.5,2680,4499,2,0,0,3,9,2680,0,1999,0,98006,47.565,-122.125,2920,4500,807100
3261020370,3,2.5,2680,9750,1,0,0,4,8,1610,1070,1979,0,98034,47.7028,-122.231,2480,8750,653000
1755700060,3,2,1370,8336,1,0,0,5,7,1370,0,1964,0,98133,47.7458,-122.331,1770,7288,371500
4330600435,3,1.75,1560,21000,1,0,0,3,7,1560,0,1954,0,98166,47.4776,-122.337,1070,7920,284000
9542800700,3,1.75,2160,7140,1,0,0,4,7,1670,490,1978,0,98023,47.3026,-122.374,1930,7350,272000
1999700045,3,1.5,1340,7912,1.5,0,0,3,7,1340,0,1955,0,98133,47.7658,-122.339,1480,7940,313000
1762600070,4,2.5,3880,35003,2,0,0,3,10,2570,1310,1984,0,98033,47.6477,-122.182,3740,35230,917500
1687900520,4,2.25,2590,8190,2,0,0,4,8,2590,0,1980,0,98006,47.5619,-122.125,2260,8335,673000
7234600798,3,2.5,1120,1100,2,0,0,3,8,820,300,2008,0,98122,47.6106,-122.31,1590,1795,425000
3881900445,5,2.75,1970,5400,1,0,0,3,7,1320,650,1986,0,98144,47.5868,-122.308,1280,2150,399950
2254502445,3,1,1220,4800,1,0,0,3,6,1220,0,1901,0,98122,47.6101,-122.307,1200,4800,385000
5437810320,3,1.5,1950,7560,1,0,2,4,7,1320,630,1975,0,98022,47.1976,-121.999,1950,8941,269950
9158100075,2,1,1350,8220,1,0,0,3,7,1060,290,1949,0,98177,47.7224,-122.358,1540,8280,330000
3830630310,3,2.5,1670,5797,2,0,0,3,7,1670,0,1988,0,98030,47.3505,-122.179,1670,6183,260000
8123100045,4,3,2380,5125,1.5,0,0,4,7,1680,700,1925,0,98126,47.5384,-122.376,1410,5375,470000
3127200041,4,3,2440,9600,2,0,0,5,7,2440,0,1961,0,98034,47.7044,-122.2,2290,9600,589000
6661200320,2,1.5,1050,3419,2,0,0,3,7,1050,0,1996,0,98038,47.3848,-122.039,1050,3417,163500
0011510310,4,2.75,3130,13412,2,0,0,3,9,2140,990,1993,0,98052,47.6993,-122.102,2260,9984,835000
8731951370,4,1.75,1490,10000,1,0,0,4,8,1100,390,1969,0,98023,47.3099,-122.379,2190,8910,269000
1954440060,3,2.5,1900,8744,2,0,0,3,8,1900,0,1987,0,98074,47.62,-122.043,2030,8744,560000
2264500350,4,1,1330,2400,1.5,0,0,4,6,1330,0,1901,0,98103,47.65,-122.34,1330,4400,615000
1115810060,3,2.25,2230,10026,1,0,0,3,8,1430,800,1975,0,98052,47.6647,-122.153,2230,9340,585188
9477200200,3,1.75,1650,9480,1,0,0,3,7,1220,430,1977,0,98034,47.726,-122.191,1540,8400,305000
1432600560,3,1,1190,8820,1,0,0,3,6,1190,0,1959,0,98058,47.4616,-122.184,1230,7980,166950
2287000060,3,2.5,2140,9897,1,0,0,4,8,2140,0,1959,0,98040,47.5505,-122.219,2680,10083,799000
3663500060,3,2.5,2180,7508,1,0,0,4,7,1420,760,1962,0,98133,47.7606,-122.336,1900,7818,400000
3996900125,3,1,1060,10228,1,0,0,3,7,1060,0,1948,0,98155,47.7481,-122.3,1570,10228,230000
7796450200,3,2.5,1690,5025,2,0,0,3,8,1690,0,2003,0,98023,47.2779,-122.347,2550,5001,256883
7549802535,4,2,1970,6480,1.5,0,0,5,7,1130,840,1920,0,98108,47.5511,-122.312,1500,6480,423000
3278600320,3,2.5,2150,4084,2,0,0,3,8,2150,0,2007,0,98126,47.5488,-122.372,1750,2385,465000
2824079053,3,2.5,1910,66211,2,0,0,3,7,1910,0,1997,0,98024,47.5385,-121.911,2330,67268,440000
1222069094,3,1.75,1350,155073,1,0,0,4,7,1350,0,1969,0,98038,47.4058,-121.994,1560,50965,385000
3542300060,3,1,860,11725,1,0,0,4,6,860,0,1943,0,98056,47.5093,-122.184,1300,9514,210000
2222059065,3,2.5,1940,14952,2,0,0,3,8,1940,0,1994,0,98042,47.3777,-122.165,2030,10450,297000
7551300060,3,1,1010,5000,1,0,0,3,7,1010,0,1952,0,98107,47.675,-122.394,1680,5000,470000
0100600550,3,1.5,1300,7370,1,0,0,4,7,900,400,1976,0,98023,47.3025,-122.37,1430,7500,226500
3211100860,3,1,910,8450,1,0,0,4,6,910,0,1962,0,98059,47.4787,-122.158,1400,8040,274250
3456000310,4,1.75,2480,11010,1,0,0,4,9,1630,850,1966,0,98040,47.5378,-122.219,2770,10744,840000
9526600140,3,2.5,2440,4587,2,0,0,3,8,2440,0,2010,0,98052,47.7073,-122.114,2750,4587,677900
7465900060,3,1,1010,5864,1,0,0,3,7,1010,0,1915,0,98116,47.5733,-122.381,1290,5000,425000
1222000055,2,0.75,900,9600,1,0,0,3,6,900,0,1941,0,98166,47.4604,-122.339,1250,14280,180250
6300000550,6,3,2300,3404,2,0,0,3,7,1600,700,1920,1994,98133,47.7067,-122.343,1560,1312,464000
2310030510,4,2.25,1550,7579,2,0,0,3,8,1550,0,1993,0,98038,47.354,-122.047,1630,6397,320000
1025049114,3,2.25,1270,1566,2,0,0,3,8,1060,210,2014,0,98105,47.6647,-122.284,1160,1327,625504
8677300550,4,2.5,2240,12032,1,0,0,3,9,2240,0,1983,0,98074,47.6143,-122.017,2520,12368,592500
4014400292,3,2.5,2714,17936,2,0,0,3,9,2714,0,2005,0,98001,47.3185,-122.275,2590,18386,465000
1102000196,4,2.75,1720,6270,2,0,0,3,8,1720,0,1978,0,98118,47.5458,-122.268,2130,8700,477000
0257000138,2,1,850,16400,1,0,0,3,6,850,0,1923,0,98168,47.4889,-122.299,1100,14459,280000
1909600046,3,2.5,2250,5692,2,0,0,3,8,2250,0,2000,0,98146,47.5133,-122.379,1320,5390,445838
7611200125,2,1.5,1320,10800,1,0,0,4,8,1320,0,1947,0,98177,47.7145,-122.367,2120,12040,467000
5611500140,4,2.5,2760,6440,2,0,0,3,10,2760,0,1999,0,98075,47.5836,-122.026,3070,8127,686000
7138000260,3,2,1750,9750,1,0,0,3,7,1350,400,1961,0,98198,47.398,-122.299,1900,10125,279950
0626059335,4,2.25,2330,19436,2,0,0,3,8,2330,0,1987,0,98011,47.7663,-122.215,1910,10055,527000
1922059282,3,2.25,2220,16020,1,0,0,4,8,1780,440,1966,0,98030,47.3758,-122.217,2080,9583,325000
0705700390,3,2.25,2020,8379,2,0,0,3,7,2020,0,1994,0,98038,47.3828,-122.023,2020,8031,328000
7454001200,3,2.25,1250,7500,1,0,0,5,7,1250,0,1942,0,98146,47.5123,-122.373,1280,7392,390000
8682281200,2,2,1510,6516,1,0,0,3,8,1510,0,2005,0,98053,47.7076,-122.013,1640,6009,479950
7972000200,4,2.25,1720,9753,1,0,0,4,7,1120,600,1978,0,98023,47.2922,-122.371,1510,9753,264950
0722059070,3,1,1430,15246,1,0,0,4,7,980,450,1961,0,98031,47.4075,-122.214,1960,13068,235000
7202340400,3,2.5,1480,4729,2,0,0,3,7,1480,0,2004,0,98053,47.6794,-122.034,2250,4729,516500
8096000060,2,1.75,1450,15798,2,1,4,3,7,1230,220,1915,1978,98166,47.4497,-122.375,2030,13193,655000
2424000060,4,2.75,2280,15347,1,0,0,5,7,2280,0,1960,0,98059,47.5218,-122.164,2280,15347,500000
9264902050,6,2.75,2940,7350,1,0,0,3,8,1780,1160,1978,0,98023,47.3103,-122.339,2120,8236,315000
0943100260,2,1,1000,10200,1,0,0,3,6,1000,0,1961,0,98024,47.5687,-121.899,1150,13702,213000
3677400445,3,1.5,2480,5280,1.5,0,0,5,7,1620,860,1947,0,98108,47.5575,-122.303,2090,4800,475000
4058000060,3,2,2220,94300,1,0,0,5,7,1640,580,1976,0,98010,47.3459,-121.95,2070,80100,416000
7228500560,4,1,1970,4740,1.5,0,0,3,7,1670,300,1904,2005,98122,47.6136,-122.303,1510,4740,410000
0326069104,3,3.5,3830,221284,2,0,0,3,10,3530,300,1993,0,98077,47.7641,-122.023,2920,148539,800000
5152100060,6,2.5,4410,14034,1,0,2,4,9,2350,2060,1965,0,98003,47.3376,-122.324,2600,13988,472000
3584000310,3,1.75,1430,8505,1,0,0,4,7,1430,0,1968,0,98003,47.3173,-122.319,1190,8640,225000
8150100045,2,1,830,6000,1,0,0,3,6,830,0,1940,0,98126,47.5308,-122.376,830,4960,210000
1868901275,2,1,1430,5000,1.5,0,0,2,7,1430,0,1925,0,98115,47.6727,-122.299,1450,3750,455000
6131600075,3,1,1300,8316,1,0,0,4,6,1300,0,1954,0,98002,47.3221,-122.216,1260,8316,225000
9468200125,2,1,1030,3060,1,0,2,4,7,790,240,1918,0,98103,47.6779,-122.353,1390,3060,480000
8029510030,3,2.5,2740,11872,2,0,0,3,9,2740,0,1990,0,98023,47.3076,-122.395,2570,10377,363000
7899800890,2,1.5,720,5120,1,0,0,3,6,720,0,1954,0,98106,47.5218,-122.357,1150,2566,181000
3021059276,4,2,2010,7312,1,0,0,4,7,2010,0,1976,0,98002,47.2785,-122.213,2010,7650,250000
3797001895,3,1.75,1560,3000,1,0,0,4,6,770,790,1918,0,98103,47.6846,-122.345,1390,3000,481000
3832710960,3,2,1810,7209,1,0,0,4,7,1240,570,1978,0,98032,47.3656,-122.278,1750,7209,260000
1310430400,4,2.5,3360,7685,2,0,0,3,9,3360,0,2001,0,98058,47.4369,-122.111,3060,6567,455000
1422300030,3,2.25,1510,36224,2,0,0,3,8,1510,0,1991,0,98045,47.4616,-121.711,1730,36224,415000
1105000588,3,1,1400,3538,1,0,0,3,7,800,600,1953,0,98118,47.5405,-122.27,1620,6331,349500
3830630060,3,2.5,1730,7442,2,0,0,3,7,1730,0,1987,0,98030,47.3507,-122.178,1630,6458,245000
5101404898,2,2,1420,9191,1.5,0,2,5,7,1420,0,1928,0,98115,47.6979,-122.32,1420,6816,592500
7972601890,4,1.75,2360,7620,1,0,0,4,7,1180,1180,1955,0,98106,47.5278,-122.345,1910,7620,385000
5127001620,3,1.75,1580,11455,1,0,0,4,7,1200,380,1974,0,98059,47.4756,-122.147,1550,10650,315000
9407100800,3,1,1230,10170,1,0,0,3,7,1230,0,1979,0,98045,47.4437,-121.772,1380,10098,255000
1873100060,4,2.5,2460,4425,2,0,0,3,8,2460,0,2006,0,98052,47.7048,-122.109,2990,5659,693000
8722101360,3,1,1660,4400,1.5,0,0,3,8,1460,200,1911,0,98112,47.6362,-122.302,1660,4400,780000
8644000060,3,1.75,1270,8470,1,0,0,4,7,1270,0,1960,0,98198,47.4207,-122.29,1600,8470,237000
3325069129,3,2.25,2100,40510,2,0,0,3,10,1320,780,1979,0,98074,47.6154,-122.047,2380,33450,525000
1400300055,2,1,770,5040,1,0,0,3,5,770,0,1930,0,98144,47.5964,-122.299,1330,2580,425000
2123039032,1,0.75,760,10079,1,1,4,5,5,760,0,1936,0,98070,47.4683,-122.438,1230,14267,369900
8078560140,4,2.5,1700,7280,2,0,0,4,7,1700,0,1988,0,98031,47.4045,-122.171,1950,7475,290000
3438500192,3,1,1120,10701,1,0,0,3,7,1120,0,1954,0,98106,47.5544,-122.358,1130,6350,285000
7974200510,2,1,1070,4500,1,0,0,3,7,1070,0,1937,0,98115,47.6802,-122.29,1320,4465,415000
2557000400,3,2.5,2070,9900,1,0,0,3,8,1420,650,1979,0,98023,47.2988,-122.371,2070,8250,272500
6378500125,2,1,1040,7538,1,0,0,4,7,1040,0,1939,0,98133,47.7107,-122.352,1440,7530,436000
1745100140,3,1,1700,11390,1,0,0,4,7,1700,0,1967,0,98003,47.3271,-122.323,1350,8164,210000
2976800796,3,1,1300,5898,1,0,0,3,7,1300,0,1961,0,98178,47.5053,-122.255,1320,7619,236000
4235400186,3,1.75,1080,1306,1,0,0,3,7,580,500,1954,2003,98199,47.6601,-122.4,1440,2225,331000
4215100060,3,2.5,2653,4510,2,0,0,3,8,2653,0,2006,0,98031,47.4145,-122.166,2653,4927,365000
9189700045,3,2,2290,16258,1,0,0,5,8,2290,0,1960,0,98058,47.4672,-122.165,1660,10530,450000
1126049053,4,2.75,3820,26300,2,0,0,3,9,2850,970,2014,0,98028,47.7618,-122.261,1860,12136,770000
2022069200,4,2.5,2210,49375,1,0,0,3,8,2210,0,1997,0,98038,47.3828,-122.071,2670,49385,455000
9412900055,3,1.75,2390,6000,1,0,0,3,6,1240,1150,1908,0,98118,47.5362,-122.268,2020,6000,405000
1722059235,4,1.75,2600,11325,1,0,0,4,7,1610,990,1969,0,98031,47.3954,-122.206,1720,11088,304900
6874200960,2,1,860,5265,1,0,0,3,6,860,0,1931,0,98178,47.5048,-122.272,1650,8775,170000
7202360350,4,2.5,3500,7048,2,0,0,3,9,3500,0,2005,0,98053,47.6811,-122.025,3920,7864,780000
5634500392,3,3,2420,13959,1,0,0,4,8,1740,680,1988,0,98028,47.7486,-122.23,2570,13300,330000
1509500060,4,2.5,2720,8666,2,0,0,3,9,2720,0,1992,0,98030,47.3846,-122.169,2410,8100,370000
7214810350,5,2.25,2500,13500,1,0,0,3,7,1850,650,1979,0,98072,47.7564,-122.144,2300,9750,467000
6647200060,3,1.75,1670,6720,1,0,0,3,7,1140,530,1980,0,98034,47.7198,-122.193,1670,7320,405000
9552700140,5,2.25,2900,10300,1,0,0,3,8,1450,1450,1985,0,98006,47.5461,-122.151,2310,10300,675000
2200500350,2,1,1640,14100,1,0,0,4,7,1140,500,1954,0,98006,47.5712,-122.143,1520,13527,500000
6113400046,4,2.5,1890,15770,2,0,0,4,7,1890,0,1968,0,98166,47.4281,-122.343,2410,15256,389999
6619910140,4,1.75,2950,9025,1,0,2,4,8,1780,1170,1975,0,98034,47.7128,-122.223,2120,9600,630000
1115450240,4,2.5,2160,9528,2,0,0,3,9,2160,0,1992,0,98001,47.3341,-122.255,2280,9937,360000
6073240060,4,3,3280,11060,2,0,0,3,8,2270,1010,1986,0,98056,47.5399,-122.181,2320,11004,580000
9297300045,3,2,1970,4166,2,0,3,5,8,1270,700,1929,0,98126,47.5717,-122.375,2390,4166,550000
9510920070,4,2.5,3360,22111,2,0,0,3,10,3360,0,1994,0,98075,47.5951,-122.017,3150,11374,879000
5468730030,3,2,1320,8959,1,0,0,3,7,1320,0,1993,0,98042,47.3536,-122.144,1740,7316,265000
8079030390,3,2.5,2650,7286,2,0,0,3,8,2650,0,1990,0,98059,47.5084,-122.154,2400,7220,446500
0600000152,3,1.5,2030,8880,1,0,0,3,7,1330,700,1963,0,98108,47.5586,-122.311,2140,5592,404000
1840000030,3,1.75,1590,11914,1,0,2,3,7,1090,500,1957,0,98188,47.4427,-122.274,1630,9052,267500
3260800030,3,2.5,2440,7632,2,0,0,3,8,2440,0,1998,0,98003,47.3494,-122.301,2510,7903,335000
2747100024,3,2.5,1940,9000,1,0,0,4,7,970,970,1948,0,98117,47.6933,-122.393,2190,7310,576000
5104530560,3,2.5,2040,3810,2,0,0,3,8,2040,0,2006,0,98038,47.3537,-122,2370,4590,208633
4330600350,3,2.25,2200,8750,1,0,0,4,7,1120,1080,1964,0,98166,47.476,-122.337,1460,10139,315000
5016001535,3,1.75,1920,3300,1,0,0,4,8,960,960,1913,0,98112,47.6239,-122.298,1740,4000,725000
7280300196,4,2.75,1800,7750,1,0,0,4,8,1400,400,1965,0,98177,47.7776,-122.384,1800,8275,550000
8651520400,4,2.25,2180,7297,2,0,0,3,8,2180,0,1984,0,98074,47.6459,-122.058,2250,9781,610750
7171200445,2,1,1010,5000,1.5,0,0,4,6,1010,0,1908,0,98105,47.6692,-122.297,1460,5000,550700
3204800200,4,2.75,3320,10574,2,0,0,5,8,2220,1100,1960,0,98056,47.5376,-122.18,2720,8330,665000
3416600800,4,2.5,2370,4000,1.5,0,2,5,8,1980,390,1928,0,98144,47.601,-122.294,2440,5750,834000
7994700030,5,1.75,1660,78408,1.5,0,0,3,6,1660,0,1915,0,98065,47.529,-121.837,1660,78408,201000
1328320800,4,2.25,1950,7700,1,0,0,3,8,1350,600,1979,0,98058,47.4441,-122.125,2150,7350,305000
7771300125,3,2,2590,14052,1,0,0,5,8,1720,870,1948,0,98133,47.7357,-122.333,1570,8162,487000
3422059208,3,2.5,1930,64904,1,0,0,4,8,1930,0,1988,0,98042,47.346,-122.157,2350,57500,390000
9521101455,2,1,1470,3864,1,0,0,4,7,1170,300,1916,0,98103,47.6638,-122.345,1570,3864,548000
4337000335,4,1,800,8775,1,0,0,3,6,800,0,1943,0,98166,47.48,-122.336,1310,8775,268750
0325059286,5,2.75,3150,7119,2,0,0,3,9,3150,0,2013,0,98052,47.6759,-122.151,1560,8384,819900
2597650240,3,2.25,2030,16200,2,0,0,3,8,2030,0,1984,0,98027,47.5162,-122.057,2660,17958,520000
3353400435,3,2,1450,11204,1,0,0,3,7,1450,0,2003,0,98001,47.2639,-122.252,1520,9518,230000
7972000240,3,1.75,1510,10248,1,0,0,3,7,1510,0,1969,0,98023,47.2929,-122.371,1510,9753,240000
7520000520,2,1,1240,12092,1,0,0,3,6,960,280,1922,1984,98146,47.4957,-122.352,1820,7460,232000
7520000520,2,1,1240,12092,1,0,0,3,6,960,280,1922,1984,98146,47.4957,-122.352,1820,7460,240500
3530210260,3,2.5,3030,45004,2,0,0,3,9,3030,0,1987,0,98077,47.7721,-122.093,3080,35781,274975
1959700550,4,2,2050,4400,1.5,0,0,4,9,2050,0,1922,0,98102,47.644,-122.319,2320,5500,740000
1665400045,3,1,1000,7636,1,0,0,2,7,1000,0,1952,0,98166,47.472,-122.344,1150,7600,186375
9542850320,3,2.25,2370,10289,1,0,0,4,9,1590,780,1977,0,98005,47.592,-122.166,2500,10004,790000
3179100060,4,3.5,2800,6750,2,0,0,3,9,1890,910,1951,2002,98105,47.669,-122.275,2370,6120,880000
2946001550,6,1.75,2240,11180,2,0,0,4,7,2240,0,1955,0,98198,47.42,-122.323,1590,7955,279000
8078490390,3,2,1810,10530,1,0,2,3,8,1810,0,1991,0,98022,47.1913,-122.012,1910,10450,295000
9550201550,2,1,1070,5000,1,0,0,3,7,1070,0,1924,0,98103,47.6666,-122.331,1710,5000,640000
0191100045,4,2,2490,9525,2,0,0,5,9,2490,0,1968,0,98040,47.5639,-122.217,2770,9525,940000
5009600070,4,2.5,1960,5238,2,0,0,3,7,1960,0,2003,0,98038,47.3483,-122.052,1800,5894,260000
0200350070,3,2.75,2930,5569,1,0,0,3,9,1860,1070,2004,0,98072,47.7648,-122.164,2580,11045,559900
2877103726,4,2,1510,3500,1.5,0,0,5,7,1510,0,1911,0,98103,47.6794,-122.357,1820,3750,791500
0405100295,3,1.75,1420,8250,1,0,0,3,7,1420,0,1954,0,98133,47.7535,-122.354,1740,8000,265000
4268200055,3,1.75,1740,11547,1,0,0,3,7,1740,0,1954,0,98178,47.4945,-122.22,880,78408,245000
3126069068,4,1.75,2560,43995,2,0,0,4,7,2560,0,1962,0,98052,47.6945,-122.093,2560,14764,485000
1115300070,4,3.5,3040,8414,2,0,0,3,9,2420,620,2010,0,98059,47.5222,-122.157,3470,8066,684000
6414100671,3,1.75,2500,6840,1,0,0,3,8,1300,1200,1957,0,98125,47.7222,-122.32,1580,8691,425000
7004200060,4,1.75,1275,20000,1,0,0,4,6,1275,0,1991,0,98070,47.3796,-122.49,1660,20000,309600
7852110140,4,2.5,2580,5823,2,0,0,3,8,2580,0,2002,0,98065,47.5374,-121.875,2380,5823,552250
3969300030,4,1,1000,7134,1,0,0,3,6,1000,0,1943,0,98178,47.4897,-122.24,1020,7138,165000
3969300030,4,1,1000,7134,1,0,0,3,6,1000,0,1943,0,98178,47.4897,-122.24,1020,7138,239900
4048400070,2,1,1070,32633,1,0,0,4,6,1070,0,1930,0,98059,47.4716,-122.078,1360,32156,320000
0808000070,3,2,1390,13464,1,0,0,4,7,1390,0,1987,0,98030,47.3581,-122.173,1720,12080,206600
7374200030,4,1.75,2500,7690,1,0,0,3,7,1250,1250,1973,0,98155,47.7713,-122.307,2040,8646,387000
7325600160,1,0.75,560,12120,1,0,0,3,4,560,0,1967,0,98014,47.675,-121.854,1300,19207,299000
2757000030,4,2.75,2270,10460,2,0,0,3,9,2270,0,1965,0,98040,47.5603,-122.222,2610,10180,855000
0616000140,3,1,1900,14400,1,0,0,4,7,1300,600,1954,0,98166,47.4147,-122.337,1940,14400,315000
3363900111,2,1,990,3120,1,0,2,5,7,790,200,1907,0,98103,47.68,-122.353,1930,3120,437500
9262800171,4,1.5,1550,19800,1,0,0,4,7,1050,500,1969,0,98001,47.3117,-122.27,1640,22654,252000
6607000126,4,1.75,2200,7475,1,0,0,5,7,1100,1100,1955,0,98118,47.543,-122.28,1600,5766,375000
5416510830,4,2.5,1910,4862,2,0,0,3,7,1910,0,2005,0,98038,47.3607,-122.034,2010,5091,300000
2201500030,4,1,1750,9600,1.5,0,0,4,7,1750,0,1954,0,98006,47.5759,-122.137,1750,10530,420000
0325059171,3,1,1330,77972,1,0,0,3,7,1330,0,1928,1954,98033,47.6891,-122.159,1340,17689,900000
0952003285,3,2.5,2440,5750,2,0,2,3,9,1980,460,2000,0,98116,47.565,-122.381,1520,5750,679900
3211290370,3,2.5,1640,29970,2,0,0,3,7,1640,0,1992,0,98053,47.6359,-121.974,1580,28399,463000
1072010350,5,2.5,2760,11340,2,0,0,4,9,2760,0,1978,0,98059,47.4769,-122.141,2470,11340,380000
8856950070,4,2.5,1820,7912,2,0,0,3,7,1820,0,1994,0,98038,47.3845,-122.029,1820,8168,329500
0925059078,3,2.5,2110,5608,1,0,0,3,8,1340,770,2013,0,98033,47.6743,-122.184,2040,9363,604950
7855801090,5,2.5,3040,9570,1,0,2,4,8,1640,1400,1966,0,98006,47.5651,-122.164,2920,8800,795000
0723099065,3,2,1840,40438,2,0,0,3,7,1840,0,1994,0,98045,47.4853,-121.709,1380,44049,465000
6116500075,4,2.5,2990,10400,2,0,0,3,9,2990,0,2002,0,98166,47.4508,-122.359,2140,17449,673000
1118500030,4,2.5,3520,15420,2,0,0,3,10,3520,0,1991,0,98074,47.6375,-122.016,3400,21455,810000
0424069250,4,2.75,2440,69415,1,0,0,4,8,1910,530,1989,0,98075,47.5944,-122.042,2770,24361,785000
3291800710,4,3,2090,7500,1,0,0,3,7,1370,720,1986,0,98056,47.4888,-122.182,1810,7650,338000
6838700060,3,2.25,1430,7222,2,0,0,3,7,1430,0,1993,0,98056,47.5112,-122.19,1430,7220,280000
2231500030,4,2.25,2180,10754,1,0,0,5,7,1100,1080,1954,0,98133,47.7711,-122.341,1810,6929,315000
2231500030,4,2.25,2180,10754,1,0,0,5,7,1100,1080,1954,0,98133,47.7711,-122.341,1810,6929,530000
7683900200,5,3,3450,9914,2,0,0,3,9,3450,0,2004,0,98023,47.2813,-122.345,2860,9721,380000
8155830060,3,2.25,1450,7562,2,0,0,3,7,1450,0,1994,0,98056,47.5038,-122.189,1650,7625,297000
0098020310,4,2.5,3230,7331,2,0,0,3,10,3230,0,2004,0,98075,47.5823,-121.97,3480,7447,730000
9423400140,3,1.75,1640,13500,1,0,0,3,7,1110,530,1940,0,98125,47.7164,-122.304,1770,12600,450000
1545804860,3,3,1590,7750,1,0,0,3,7,1060,530,1997,0,98038,47.3624,-122.045,1680,7500,275000
2883200160,4,2,2020,2849,2,0,0,3,7,2020,0,1960,0,98115,47.6831,-122.329,1910,3120,595000
7132300695,3,1.5,1300,3348,1.5,0,0,3,7,1300,0,1904,2014,98144,47.592,-122.307,1590,2577,435000
1726059053,2,1.5,1380,209959,1,0,0,1,6,1380,0,1954,0,98011,47.7461,-122.195,3130,19868,270000
0624111000,3,3,4040,14338,2,0,0,3,10,3030,1010,1986,0,98077,47.7268,-122.06,3360,14142,950000
0808300310,4,2.25,2130,5337,2,0,0,3,7,2130,0,2001,0,98019,47.7237,-121.959,2300,6930,389000
8563040160,4,2.25,2550,7800,1,0,0,3,8,1580,970,1968,0,98052,47.6283,-122.095,2420,8050,560000
8651600160,4,2.25,2510,11585,2,0,0,4,8,2510,0,1969,0,98040,47.5483,-122.226,2450,9691,799000
9517200030,3,2,1410,9600,1,0,0,4,7,1410,0,1983,0,98072,47.7591,-122.146,1410,9600,365500